       N       E                     dE             d eps       ncg     rms          rms(c)
DAV:   1    -0.218681213166E+02   -0.21868E+02   -0.12308E+00  2312   0.159E+01    0.316E+00
RMM:   2    -0.217411388983E+02    0.12698E+00   -0.10621E+00  2240   0.118E+01    0.186E+00
RMM:   3    -0.217076253715E+02    0.33514E-01   -0.12056E-01  2241   0.428E+00    0.301E-01
RMM:   4    -0.217077777198E+02   -0.15235E-03   -0.17802E-03  1591   0.270E-01
   1 F= -.21707778E+02 E0= -.21707778E+02  d E =-.217078E+02  mag=     2.2835
