       N       E                     dE             d eps       ncg     rms          rms(c)
DAV:   1    -0.219374746066E+02   -0.21937E+02   -0.12300E+00  2320   0.159E+01    0.319E+00
RMM:   2    -0.218119802555E+02    0.12549E+00   -0.10943E+00  2240   0.119E+01    0.192E+00
RMM:   3    -0.217757698224E+02    0.36210E-01   -0.12912E-01  2240   0.443E+00    0.302E-01
RMM:   4    -0.217759267474E+02   -0.15692E-03   -0.17487E-03  1588   0.268E-01
   1 F= -.21775927E+02 E0= -.21775927E+02  d E =-.217759E+02  mag=     2.3038
