       N       E                     dE             d eps       ncg     rms          rms(c)
DAV:   1    -0.219648985913E+02   -0.21965E+02   -0.12310E+00  2308   0.158E+01    0.320E+00
RMM:   2    -0.218401093983E+02    0.12479E+00   -0.11112E+00  2240   0.120E+01    0.196E+00
RMM:   3    -0.218024799354E+02    0.37629E-01   -0.13360E-01  2240   0.450E+00    0.303E-01
RMM:   4    -0.218026391521E+02   -0.15922E-03   -0.17305E-03  1580   0.266E-01
   1 F= -.21802639E+02 E0= -.21802639E+02  d E =-.218026E+02  mag=     2.3139
