       N       E                     dE             d eps       ncg     rms          rms(c)
DAV:   1    -0.219052574871E+02   -0.21905E+02   -0.12300E+00  2304   0.159E+01    0.317E+00
RMM:   2    -0.217790360711E+02    0.12622E+00   -0.10778E+00  2240   0.118E+01    0.189E+00
RMM:   3    -0.217442020574E+02    0.34834E-01   -0.12477E-01  2241   0.435E+00    0.302E-01
RMM:   4    -0.217443559173E+02   -0.15386E-03   -0.17583E-03  1581   0.269E-01
   1 F= -.21744356E+02 E0= -.21744356E+02  d E =-.217444E+02  mag=     2.2936
