       N       E                     dE             d eps       ncg     rms          rms(c)
DAV:   1    -0.219892815976E+02   -0.21989E+02   -0.11241E+00  2444   0.150E+01    0.307E+00
RMM:   2    -0.218786969300E+02    0.11058E+00   -0.10325E+00  2240   0.115E+01    0.192E+00
RMM:   3    -0.218421387454E+02    0.36558E-01   -0.12846E-01  2240   0.441E+00    0.288E-01
RMM:   4    -0.218422704907E+02   -0.13175E-03   -0.14337E-03  1554   0.246E-01
   1 F= -.21842270E+02 E0= -.21842270E+02  d E =-.218423E+02  mag=     2.3336
