       N       E                     dE             d eps       ncg     rms          rms(c)
DAV:   1    -0.218258466922E+02   -0.21826E+02   -0.12315E+00  2304   0.160E+01    0.314E+00
RMM:   2    -0.216981220904E+02    0.12772E+00   -0.10466E+00  2240   0.117E+01    0.183E+00
RMM:   3    -0.216658990841E+02    0.32223E-01   -0.11643E-01  2241   0.421E+00    0.301E-01
RMM:   4    -0.216660480234E+02   -0.14894E-03   -0.17821E-03  1589   0.271E-01
   1 F= -.21666048E+02 E0= -.21666048E+02  d E =-.216660E+02  mag=     2.2733
