       N       E                     dE             d eps       ncg     rms          rms(c)
DAV:   1    -0.219873164389E+02   -0.21987E+02   -0.12311E+00  2332   0.158E+01    0.322E+00
RMM:   2    -0.218636621662E+02    0.12365E+00   -0.11286E+00  2240   0.120E+01    0.199E+00
RMM:   3    -0.218245583542E+02    0.39104E-01   -0.13824E-01  2240   0.458E+00    0.304E-01
RMM:   4    -0.218247167475E+02   -0.15839E-03   -0.17067E-03  1583   0.264E-01
   1 F= -.21824717E+02 E0= -.21824717E+02  d E =-.218247E+02  mag=     2.3239
