       N       E                     dE             d eps       ncg     rms          rms(c)
DAV:   1    -0.217782536001E+02   -0.21778E+02   -0.12317E+00  2300   0.160E+01    0.313E+00
RMM:   2    -0.216498065180E+02    0.12845E+00   -0.10308E+00  2240   0.116E+01    0.180E+00
RMM:   3    -0.216188477134E+02    0.30959E-01   -0.11237E-01  2241   0.414E+00    0.301E-01
RMM:   4    -0.216189955373E+02   -0.14782E-03   -0.18074E-03  1587   0.273E-01
   1 F= -.21618996E+02 E0= -.21618996E+02  d E =-.216190E+02  mag=     2.2631
